int 10 88 72 64 30 35 17 98 38 7 74
char 10 f j p o j b r p f e
char 10 b r l i r s r r o e
char 12 a o e p j h p n j a p p
double 12 3.94 1.32 4.92 0.77 9.28 3.3 9.27 8.68 1.94 2.56 3.02 6
double 12 8.95 6.32 1.98 7.25 7.87 5.7 3.92 7.3 7.87 4.94 1.11 3.31
double 15 4.19 7.27 0.53 1.28 7.54 3.97 2.7 9.36 5.53 9.13 5.46 0.37 2.46 7.54 1.44
bool 16 0 1 1 0 0 1 0 1 1 1 1 1 1 1 0 0
double 17 7.63 8.01 9.19 4.97 5.38 1.3 7.21 8.35 5.53 5.39 9.2 4.88 3.94 9.97 1.26 7.19 8.1
int 18 11 25 80 20 20 17 87 98 57 47 48 56 12 65 12 55 7 26
char 19 q o r b b s f m a l b c e p p m d c n
int 22 26 43 74 27 3 71 1 22 4 94 63 68 55 5 15 79 92 44 40 71 86 14
double 23 8.06 3.49 4.16 7.86 3.19 3.68 1.35 2.18 9.31 4.45 0.29 3.85 8.27 9.44 4.94 4.23 9.08 9.19 0.7 2.48 9.29 4.75 1.68
int 24 79 14 57 75 29 5 4 52 65 85 55 2 21 11 2 86 75 26 92 2 3 98 89 82
double 25 5.03 0.91 1.49 7.69 2.28 6.23 0.31 1.54 0.85 7.64 6.96 8.81 5.86 9.35 3.02 0.54 0.29 7.01 9.6 7.18 7.66 8.75 0.5 6.93 0.1
int 25 11 1 75 92 87 15 62 91 17 15 28 52 12 5 15 36 13 49 46 1 94 37 41 13 23
int 26 75 60 29 66 4 92 72 74 80 44 10 16 7 48 68 11 30 58 51 52 88 91 48 42 78 8
char 28 q r q t n d q d p p t b n m e p q d a j r d f c b r c s
double 28 6.01 0.29 4.13 5.73 4.21 7.91 1.52 2.96 9 9.5 3.55 9.14 0.42 3.45 8.59 6.79 8.33 8.51 7.72 9.44 0.93 7.66 1.98 5.65 1.33 2.56 5.45 6.85
double 29 9.56 0.72 0.36 5.78 3.73 5.25 9.92 1.65 5.89 0.4 6.67 8.22 3.33 0.98 6.44 2.2 3.24 3.22 4.58 4.46 7.33 6.1 1.35 0.08 4.73 4.59 3.71 5.11 3.81
bool 32 1 0 1 1 0 0 0 0 0 0 1 1 0 1 0 0 0 1 1 1 1 1 1 0 0 0 1 1 0 0 1 1
char 35 b q k j f m l j n n p p n b i k p j c h f a h n f d q i m r o n t o a
int 35 56 22 56 94 52 71 89 88 63 30 91 91 12 32 83 45 13 84 92 12 58 21 20 12 78 15 29 60 24 53 28 16 10 32 82
bool 35 0 0 1 1 1 0 1 0 0 0 0 1 1 0 0 0 1 0 0 0 1 1 0 1 0 1 1 1 1 0 1 1 1 1 0
double 36 4.59 4.73 5.56 4.49 2 2.27 8.94 2.26 7.57 7.64 9.97 5.97 4.66 2.31 6.99 1.17 6.65 3.8 4.95 1.15 4.38 9.15 5.12 9.4 8.78 1.61 9.49 3.8 8.42 1.39 5.49 4.66 3.01 8.8 6.29 8.07
char 37 m o n n c n t k e n h s o k h s j p q p c e j f o f b h q d n o j f o j h
char 39 n s g j p m b e h b h r h l d l r c n j s i k h p c p i r o o b h s e l n e o
bool 43 0 0 1 0 1 1 1 1 1 0 0 0 1 1 1 0 1 0 0 0 0 0 0 0 0 0 1 0 1 1 1 0 1 0 0 1 0 0 0 0 1 0 1
double 43 3.62 9.58 6.56 3.62 1.72 7.93 3.14 2.26 0.88 2.96 8.14 8.66 3.79 7.8 5.3 9.63 1.7 2.06 5.93 3.42 1.85 6.81 5.79 8.08 4.07 7.27 6.15 4.53 2 3.04 3.43 8.28 0.15 6.84 4.51 6.98 3.58 9.08 0.8 9.73 1.67 6.28 9.05
char 43 r p k n g p c c f q c t b b i c t j o g r c s g t s g q t q g e q b s j b h n h g p m
char 45 i i r m o c j p q k i t n i c g f i o i e p k q o j a i k n a g j f e d i a o t s m t l f
bool 46 0 1 0 0 0 1 1 0 0 1 1 1 0 1 0 0 1 0 0 0 0 0 0 1 0 0 1 1 1 1 0 0 1 0 0 0 0 0 1 1 0 1 1 0 0 1
char 46 i n i k b t m j f f n a o k i r g o o k j c j k f d l g n k i c p t l h a i c g j e f b p c
double 48 5.43 5.6 0.84 9.31 8.71 2.32 9.91 9.03 8.39 0.55 5.83 2.1 4.08 6.91 5.87 5.3 6.19 3.75 8.26 2 4.6 8.87 8.24 2.45 0.15 1.58 6.49 7.41 8.25 9.39 9.25 2.79 1.09 4.22 5.11 6.12 5.85 1.49 7.05 0.86 9.5 6.18 5.03 2.72 2.57 1.49 8.69 6.35
bool 48 1 0 1 1 1 0 1 0 0 0 1 0 0 1 1 0 0 1 1 1 1 0 1 1 0 1 0 0 1 0 0 1 0 0 0 1 1 0 0 1 1 1 1 0 0 0 0 0
int 49 18 7 44 75 24 71 81 62 59 95 92 82 8 15 57 1 19 63 40 70 38 91 87 16 82 73 54 26 7 70 12 62 59 74 77 91 8 14 88 97 88 75 29 55 58 13 75 6 90
char 49 f a q h s m l d g p b e a r p r l c j t j l i j j j m r d e m k p d r b b m c r n i r c m s j a t
char 49 k p b b g j k b j c q k a j b s p e e k b h d m a n h p r c r a q t h a q a e e e t p k d l l f l
bool 50 0 0 1 1 0 1 0 0 0 1 0 0 0 1 1 0 0 0 1 1 0 0 1 0 1 0 0 0 0 0 0 0 0 1 0 0 0 1 0 1 0 1 1 0 0 1 0 0 0 1
double 51 3.88 1.93 0.75 4.89 8.03 9.74 1.26 9.05 4.27 2.97 0.32 7.16 1.57 0.27 5.95 4.43 6.03 3.54 4.66 7.68 4.51 7.24 6.95 0.21 1.86 5.35 3.48 9.72 8.92 5.87 0.39 3.2 9.22 5.11 4.13 9.03 0.54 1.72 3.31 1.63 8.7 8.26 1.03 3.31 4.43 2.25 3.77 0.37 5.23 9.25 8.45
double 51 5.45 5.96 6.31 8.41 3.68 6.65 3.32 2.9 2.19 7.83 1.73 3.68 7.67 9.9 7.31 4.49 4.28 5.32 2.07 7.86 7.28 1.32 0.68 5.91 5.23 1.46 7.58 0.25 6.92 1.23 4.58 5.25 7.83 1.1 6.56 1.31 0.91 9.97 5.48 7.21 3.4 1.38 4.63 5.26 7.68 1.07 9.8 8.52 9.14 5.07 2.62
int 52 19 69 94 33 33 71 79 81 64 92 38 96 61 30 29 67 26 60 12 40 99 44 16 17 85 90 17 87 20 64 85 4 12 78 14 56 9 32 47 96 89 98 6 51 35 49 3 42 33 37 10 45
char 52 d s j r h t j m c m t o l o m m m t g o s j q h e j t o q e i s p n l t r n p t i l i b s d j t n o t b
int 52 5 82 2 6 42 62 45 82 73 44 59 93 18 13 95 13 8 54 16 64 26 3 91 7 20 53 78 9 56 93 61 74 92 81 20 27 99 17 30 87 68 69 51 92 72 44 10 94 76 2 1 83
bool 53 1 0 0 0 0 1 0 0 0 1 1 1 0 0 0 1 1 0 1 0 0 1 1 0 0 1 0 0 1 1 1 0 1 0 0 1 0 1 0 1 1 1 1 1 1 1 1 0 1 1 0 1 0
int 54 21 11 6 88 16 83 80 1 5 72 80 86 36 24 6 75 56 71 42 81 12 46 67 52 50 80 68 99 33 20 27 18 37 47 60 80 36 15 67 64 3 53 48 68 86 50 13 34 12 47 13 70 38 35
int 54 62 61 50 93 86 76 7 19 69 20 8 69 76 30 59 94 77 49 67 18 97 48 52 99 40 24 97 95 72 31 63 13 94 28 48 15 27 71 68 92 86 42 33 46 43 37 10 86 29 6 70 11 81 24
double 54 3.64 3.55 9.06 7.82 2 0.22 0.17 6.27 4 5.14 3.26 6.01 6.79 8.33 4.74 8.27 5.3 5.33 6.22 2.24 9.57 2.58 9.82 4.48 0.37 1.53 0.02 8.59 0.32 5.33 6.93 7.15 3.55 4.43 1 7.87 9.59 0.84 8.64 9.76 8.07 9.92 5.67 8.45 9.46 2.97 4.52 3.95 4.21 9.16 2.13 6.12 9.15 1.09
int 56 67 73 73 97 23 95 78 45 52 31 96 50 4 27 9 48 9 25 14 70 15 40 71 81 29 79 10 91 26 46 72 3 50 56 98 91 35 87 87 96 40 78 40 79 59 83 81 70 61 30 75 12 5 12 46 76
int 57 5 29 15 38 86 37 47 8 73 61 39 74 67 86 83 28 69 78 53 22 21 39 17 56 86 62 82 89 55 60 98 28 86 18 58 28 19 67 92 36 78 33 83 1 85 77 46 91 89 11 57 33 75 72 87 58 70
char 58 p l l e o p t g t b t m f r e b g h e n k g g t l e b c b r a k r f f e e j o m a j e p l s q s c t i a a a o o a c
bool 59 0 1 0 1 0 1 1 1 0 1 0 1 0 0 0 1 1 0 1 1 0 1 1 0 0 0 0 0 0 0 0 1 1 1 0 1 0 1 1 0 0 0 1 1 1 0 0 1 0 1 1 0 0 1 0 0 0 0 0
int 60 66 29 19 3 60 15 58 32 41 79 55 36 81 80 23 18 18 49 60 68 45 63 24 99 51 60 78 24 6 45 9 28 18 43 55 81 37 65 20 20 87 67 62 24 24 94 54 26 72 12 68 91 14 67 31 15 35 52 12 84
char 61 f k k k k g q p t r c n d g k b c r t l k m f e k o o o a t i r l m s i b m h o e c o e a l o c e g p q g i n r b s t k i
bool 61 0 0 1 0 0 0 1 1 1 1 0 0 0 1 0 0 1 0 1 0 1 1 0 0 0 1 0 1 0 0 0 1 1 1 1 1 1 1 1 0 0 0 0 1 1 0 1 1 0 1 0 1 0 1 0 1 0 0 1 0 0
bool 63 0 1 1 1 0 0 1 1 0 0 1 0 1 1 0 1 1 1 1 1 0 0 0 1 1 0 0 1 1 1 1 1 0 1 1 0 1 1 1 0 1 0 0 0 1 0 0 1 0 1 1 0 1 0 0 1 1 1 1 1 1 0 0
double 63 8.32 6.49 5.16 2.69 0.42 9.62 0.68 5.36 7.11 5.85 0.49 1.53 2.95 9.02 8.01 4.37 6.24 8.44 6.02 7.64 8.32 4.99 7.73 4.3 0.95 7.18 7.22 3.76 2.31 1.7 7.7 7.59 2.91 4.93 9.92 1.33 8.95 3.87 2.21 0.65 7.17 9.16 5.17 2.12 9.81 7.62 5.74 1.5 4.23 6.1 6.38 4.97 3.35 2.81 5.69 1.18 3.54 0.5 6.2 0.91 6.95 5.8 9.52
char 64 f b q c k o f e o p j s n n l s m q m q m a t t p s o e k s l h m r r d k p o d c h m n d o p l m f i p q s b r i a e k a e f b
char 64 l r e j t r m h d b m s q p d c f g q b t k h l h j n d n a n i r k l q r c f e a s h p q s l f e c j c k e g h d m l r f l b j
bool 66 1 1 1 0 0 1 1 0 1 0 0 0 1 1 1 1 0 1 0 0 1 0 1 0 1 1 1 0 1 1 1 1 0 1 0 1 1 1 1 1 0 0 0 0 0 1 0 1 0 0 0 1 1 1 1 1 0 0 0 0 1 1 1 0 1 0
bool 67 0 0 0 1 1 1 1 1 1 0 0 0 1 1 1 0 0 0 0 1 0 0 0 0 1 0 0 1 0 1 1 1 1 1 1 1 0 1 1 0 1 0 0 1 1 0 0 0 1 0 0 1 0 0 1 1 0 0 1 0 1 1 1 1 0 1 1
double 71 2.54 5.54 4.06 3.7 9.02 2.63 6.32 6.03 0.68 5.67 6.18 6.54 3.09 1.16 8.14 1.19 7.84 0.59 7.09 2.04 3.76 0.61 3.92 8.32 0.4 2.7 7.9 0.72 4.99 0.74 0.44 7.6 0.86 7.27 1.18 2.12 8.1 5.85 7.15 7.85 1 4.37 3.82 8.12 0.72 4.14 2.29 9.07 5.32 4.82 7.98 3.04 7.01 3.23 4.53 9.93 0.07 2.12 5.14 0.59 6.62 7.93 4.9 5.57 9.96 6.04 8.5 3.67 0.29 6.22 6.9
char 77 l a n b l m d n d j s r r a g h n b i h t t m c e t q s s i t r a o q a o p h t a h o h h e q f a g r h s n o r d s o k c c r i j a g s e b f n d g b t t
double 78 9.81 1.42 8.91 5.42 1.64 3.86 6.4 4.15 7.41 1.24 5.81 1.35 8.41 2.62 9.45 3.44 8.91 8.87 2.72 5.07 6.94 6.84 8.39 9.16 9.9 5.87 0.37 2.55 2.39 2.94 6.33 7.62 5.07 2.22 0.01 2.33 6.57 9.43 7.27 1.63 4.37 9.15 4.45 1.08 7.73 9.37 2.79 0.82 6.98 6.87 8.29 8.13 9.49 0.45 4.93 8.12 5.6 6.3 2.55 8.74 7.81 0.77 7.8 3.87 1.74 4.3 0.04 0.19 7.59 4 7.3 9.45 5.64 3.09 8.26 8.61 0.99 3.4
char 79 l b b j c h s c c l i h t k g h g i t k s l a q e t j d q e t i l r o s q e k b b j j n l f h f a p g g f b b m n o h f j n d e a d o l a h j k p a k j d g t
char 79 l b d f s p j t g f c s k f r a r t m e e g l f f r s i q l i c t r a j d t m k j i e n l i i a h t f p q f n q f o e r g h n g g q q o d o b j r k o t n m k
int 79 81 38 54 46 18 84 59 40 65 20 47 74 37 46 14 97 18 51 82 32 59 64 79 58 43 8 21 93 72 81 77 78 70 2 36 50 71 12 99 59 22 95 27 6 57 43 31 1 3 56 93 13 79 64 43 1 25 12 31 81 83 47 96 41 79 38 92 25 20 9 74 94 41 72 4 63 85 74 28
double 80 7.24 7.13 5 9.3 7.01 7.78 0.76 7.78 1.26 5.13 7.38 9.59 5.94 3.98 9.29 7.47 3.81 6.46 0.6 2.19 3.45 4.68 4.85 6.75 2.26 4.92 2.78 2.27 6.18 0.6 1.31 0.62 9.36 4.05 1.65 1.57 8.63 5.81 5.1 8.77 9.29 6.6 6.97 3.11 9.74 1.21 3.46 4.98 2.71 7.44 7.06 7.88 0.57 0.97 4.57 5.63 9.84 8.27 5.66 4.1 6.36 4.32 4.01 3.36 3.98 5.3 2.11 1.99 2.39 0.78 4.6 5.85 7.11 0.89 6.73 2.45 7.62 7.34 1.56 0.89
double 80 0.34 1.99 4.37 7.05 7.09 8.19 2 7.65 0.69 8.88 7.58 3.65 0.27 3.39 6.28 8.58 2.79 2.12 8.14 9.15 4.5 1.72 7.93 5.8 6.71 7.58 3.94 1.72 1.94 3.88 4.78 0.84 6.82 4.82 5.39 2.96 7.56 0.91 4.35 3.16 9.6 9.43 1.42 4.41 3.37 8.82 8.14 0.34 9.59 2.54 7.93 2.84 6.07 0.13 5.32 3.07 7.9 1.35 4.88 3.05 5.34 3.46 4.51 8.72 2.21 9.28 3.93 1.16 8.08 3.8 7.16 2.42 3.61 0.12 4.37 6.58 9.88 6.64 7.23 6.59
int 81 37 41 99 7 2 74 86 6 24 20 14 97 30 60 7 34 51 84 92 56 69 29 33 9 76 43 90 40 81 21 27 83 63 21 51 32 39 33 88 81 66 42 24 32 43 84 58 75 49 3 34 97 69 93 54 3 84 50 17 81 24 61 39 41 82 73 69 79 79 10 43 56 89 36 78 36 72 57 13 83 98
double 81 7.66 4.16 0.11 7.32 6.45 3.91 8.45 8.9 2.66 7.05 0.21 8.01 6.34 3.74 8.95 0.09 6.16 0.9 1.19 6.84 8.5 8.23 1.04 7.17 6.11 0.08 6.63 7.41 3.68 3.72 8.88 4.12 2.81 1.05 5.73 6.52 9.59 5.46 8.56 8.89 7.13 3.43 8.13 0.67 4.59 6.47 9.71 8.25 1.1 6.12 0.61 3.52 6.58 0.08 9.86 5.49 0.81 1.84 2.55 8.56 7.03 2.27 1.17 3.14 6.51 9.15 0.17 4.18 0.8 4.51 6.94 6.92 4.2 9.37 1 3.03 7.43 5.88 0.03 5.21 4.52
double 82 2.83 1.73 9.14 7 7.36 2.77 7.51 9.35 6.8 5.69 2.16 4.58 9.9 5.91 1.44 3.62 6.02 9.86 9.22 3.06 8.48 9.62 5.81 2.43 7.24 8.9 3.61 2.63 3.8 5.72 1.41 4.07 1.16 0.19 3.29 4.44 2.31 3.69 4.37 0.14 2.8 8.3 5.52 7.8 9.67 7.64 6.26 3.74 5.87 0.75 3 4.56 7.08 8.29 3.65 0.27 3.72 0.95 9.42 0.37 8.09 1.32 4.19 8.79 2.28 3.36 0.64 9.67 9.56 2.55 0.19 2.32 5.6 0.55 8.73 9.81 5.77 8.67 9.88 5.61 5.25 4
bool 83 0 1 1 1 0 0 0 0 0 0 1 0 0 1 0 0 0 0 1 0 1 1 0 0 0 1 0 1 0 1 1 1 0 0 0 0 0 1 1 0 1 1 1 1 1 1 0 1 0 1 1 1 1 1 0 0 1 1 1 1 0 0 1 1 0 0 1 1 0 1 1 0 0 1 1 0 0 1 0 1 0 1 1
char 83 h s q j r g o h b k k k f s a j o h n a k m g e c h t p q n q a h l a l r n l h d h j r s t p q k c p e p t q p b m p p l c f i i t c b s g h s i h i a o e t c g m c
bool 86 0 1 1 0 1 1 0 1 0 1 1 0 0 1 0 0 0 0 1 1 1 0 1 0 1 0 1 0 0 1 0 0 1 1 1 1 1 1 1 1 0 0 1 1 0 0 0 0 1 0 1 0 1 0 0 0 0 0 1 1 1 1 0 1 1 0 0 1 1 1 1 1 0 1 1 0 1 0 1 1 0 0 1 0 1 1
double 88 9.34 2.19 9.35 2.34 6.7 3.23 3.4 5.05 7 5.89 1.89 9.45 3.55 5.96 5.2 1.73 9.04 4.81 8.2 7.95 4.62 6.56 0.23 9.3 5.97 4.44 3.62 1.6 8.6 6.67 9.03 7.5 0.26 8.72 1.34 8.72 5.59 4.69 8.6 2.81 2.58 4.14 4.35 1.63 3.38 1.95 2.92 6.92 1.48 4.34 4.1 7.15 7.71 3.74 1.38 2.56 0.12 3.48 7.8 0.02 3.04 9.24 5.24 1.25 6.55 5.35 8.3 7.27 0.8 2.44 5.29 6.41 7.12 4.15 4.39 7.76 0.14 6.54 9.96 9.59 0.54 4.16 2 6.56 4.38 6.25 8.01 7.76
double 88 1.28 3.01 3.32 5.44 2.36 8.67 8.04 9.8 6.14 6.78 3.34 6.5 4.43 9.63 4.71 5.37 8.01 8.15 7.37 4.25 3.44 6.16 7.79 3.3 8.52 3.88 6.84 4.37 3.4 3.18 5.9 4.69 3.8 9.77 0.17 7.91 0.46 7.19 5.07 3.61 4.65 9.36 3.8 4.72 4.83 7.45 9.41 4.64 8.23 4.38 5.41 4.98 2.06 6.78 7.64 9.98 6.13 0.02 2.69 3.92 5.73 8.36 8.93 5.44 9.18 7.18 8.48 0.8 7.38 9.25 5.87 8.86 4.32 0.87 1.33 3.9 6.57 6.05 3.77 4.3 4.34 7.92 3.17 9.3 0.95 3.1 9.5 5.29
double 88 1.28 5.88 1.9 1.37 0.54 3.65 3.84 9.64 1.83 9.27 7.89 4.69 0.45 7.43 9.42 9.84 4.29 3.86 0.52 2.66 7.06 6.39 7.49 6.24 5.91 1.71 1.73 9.94 5.9 1.35 9.72 7.42 1.29 4.77 6.15 6.98 6.37 4.09 2.65 5.63 6.94 3.95 4.89 4.85 0.9 3.98 1.62 9.75 9.75 5.74 2.11 8.26 7.64 7.45 6.58 9.51 0.69 4.53 7.25 7.82 7.37 3.64 8.34 4.84 4.57 2.06 2.58 1.67 4.05 5.34 1.86 0.31 9.68 4.46 6.27 8.11 7.23 0.46 6.03 7.9 4.32 8.02 7.9 7.02 8.24 5.71 3.8 9.52
double 90 2.62 2.97 2.53 4.15 3.04 9.98 3.43 7.52 9.91 6.88 1.92 5.23 4.09 5.77 6.68 7.41 9.92 0.02 9.16 2.72 8.76 8.17 2.2 5.84 8.47 2.28 5.18 3.46 1.73 4.39 6.5 2.86 6.12 6.02 1.77 0.3 1.01 4.26 4.99 1.72 7.77 5.54 8.7 0.74 8.4 8.77 1.5 9.49 4.13 3.82 4.98 9.13 8.25 6.06 9.6 7.22 4.59 7.44 2.8 2.93 6.16 4.94 2.79 9.67 5.17 6.46 7.58 9.15 6.86 6.93 7.87 8.07 9.45 0.03 3.62 3.32 3.43 3.73 2.58 5.15 8.61 6.67 3.81 3.37 1.51 8.77 8.6 4.36 1.29 2.09
int 90 97 85 80 27 21 52 48 87 71 39 80 23 97 9 48 78 66 64 86 7 19 86 61 80 3 59 2 14 87 36 16 11 7 44 46 55 80 1 27 31 54 2 93 99 97 85 50 93 52 28 50 89 2 82 57 17 9 51 54 53 91 84 56 24 56 80 6 28 79 39 92 72 8 8 72 21 61 35 69 93 55 57 74 65 13 24 73 26 86 8
int 91 10 45 42 4 11 44 18 70 21 88 43 15 19 23 72 18 56 6 11 65 11 97 26 92 94 30 96 77 84 14 73 19 34 69 55 48 7 53 66 46 27 74 95 57 65 60 25 34 80 36 2 43 27 64 96 67 17 31 59 39 67 72 76 85 99 99 8 8 92 72 27 61 90 80 65 27 49 41 61 41 34 10 84 67 11 11 73 17 61 54 89
double 91 9.7 1.77 3.59 8.57 5.33 1.69 1.89 1.34 8.99 9.45 3.2 1.47 8.3 6.9 9.81 1.19 0.58 6.63 6.63 1.36 2.37 9.38 3.88 0.93 2.92 5.94 6.31 6.68 7.63 1.77 6.12 9.54 7.59 3.28 6.72 1 8.95 6.27 2.44 6.56 3.32 9.92 7.04 8.47 0.24 0.52 5.19 7.64 0.32 8.4 6.67 5.95 3.48 4.31 9.69 7.9 8.79 9.59 0.99 8.49 9.02 5.02 2.72 5.91 3.57 6.04 6.86 8 7.15 9.9 3.02 1.4 3.22 6.75 8.32 9.79 5.94 4.71 4.88 9.3 2 9.18 2.93 5.27 3.02 8.61 9.56 4.82 0.16 1.15 6.23
char 93 d d h a i r r h d d d s j s b a n g t n f j b a i i r c a a m c g f i c q m p a i s d c e d t k m s q n n i p c a m m b h h h s o e f s n e r e c b q r b p e i r b q q e i j f h a b f d
int 94 67 77 6 99 35 12 11 21 22 81 79 13 24 10 63 97 33 28 4 90 21 87 90 64 99 93 52 71 63 3 31 29 60 12 77 22 68 59 48 75 94 58 84 46 6 72 13 1 39 10 58 53 23 37 7 87 50 34 56 44 39 8 28 88 41 36 26 77 29 39 15 68 46 49 9 14 51 24 4 1 19 68 91 52 75 54 99 55 47 18 40 86 29 9
bool 95 1 1 1 0 1 0 1 0 0 1 0 0 1 0 0 1 0 1 1 1 1 0 0 1 1 0 1 1 1 1 0 1 0 0 0 0 0 0 1 1 0 1 1 0 1 0 1 0 1 0 0 0 1 1 0 0 1 0 1 0 1 0 1 0 0 1 1 0 1 1 0 1 0 1 1 1 0 0 1 0 1 1 0 0 0 1 1 1 0 1 0 1 0 1 0
char 95 i q j r f c g t t f j p j c r l p c c s c c l d d n e h m t d e p g b a e n f b t i r i m m r g k g p f a p l c m c t b p f t b k p a c a t s p d a a c c b q j f g c e n j a o k r p s i e h
double 97 3.3 7.79 7.63 3.29 8.3 6.58 0.68 5.19 8.94 3.49 7.93 0.9 4.73 9.24 3.39 7.31 7.55 9.93 8.52 1.32 4.22 7.37 8.2 7.94 0.04 0.41 0.39 0.17 4.42 5.11 3.94 3.6 2.16 3.13 0.77 3.25 9.92 9.2 0.05 7.21 2 2.44 3.63 3.82 2.45 4.49 9.13 3.02 9.3 5.56 8.51 7.47 0.64 9.77 7.03 4.51 1.14 0.63 9.32 4.01 9.41 0.79 1.51 1.43 7.76 6.09 9.4 3.51 7.61 7.52 6.51 2 5.97 4.28 1.43 9.86 7.03 1.29 2.42 3.25 5.32 4.8 7.1 6.02 6.95 5.23 2.87 7.29 4.14 5.02 2.38 5.72 1.3 2.52 0.37 1.4 6.4
bool 97 1 1 1 1 1 0 0 1 1 1 1 0 1 0 1 0 0 1 1 1 0 1 0 0 0 0 1 0 1 1 1 1 1 0 1 0 1 0 0 0 1 1 1 1 1 0 1 0 1 0 1 0 1 0 1 0 0 0 0 1 0 0 1 0 0 0 0 1 1 1 0 0 0 1 0 1 1 1 0 0 1 1 0 1 1 0 0 0 0 0 1 1 0 1 0 1 1
char 98 n c f k f a m h b i i k g d p s b e t r f r i n k i l a s t m m g o m s b b n n p t p g e d f m o g n n q n a g f e f t b t b k q r k p e b o p d o g a a o f b q b t j h l b g s t d r f f s l f m
bool 98 0 1 0 1 1 0 0 0 0 0 1 1 1 0 0 1 0 1 0 0 0 0 0 0 1 1 1 1 0 1 0 0 1 1 1 0 0 0 0 1 0 0 0 1 0 1 1 1 1 1 1 1 0 1 1 1 1 0 1 1 1 0 0 1 1 1 1 1 0 0 1 1 1 1 1 0 0 0 0 0 0 0 0 1 0 1 0 1 1 1 1 1 1 0 1 1 1 1
char 99 i n n g b f p d t h t p f n q j c p e g s g n o k a p c b b l f g q t k p s h g i h e h d o n e i i a m b b n g e a p q l d m r n d e f s k n l f i n g s q h e i m p q q q n n t p a m f s r t e d r
char 101 a p e g j h p e l e b m a e k n q c l o n j i o e g m j g s p f a c c c k f g r j t h g t a o c i m f b b j q h m k q s b n m r e j e l d j j d h d j i b p b h n t d t p t n p r a g a e o c r h b i h f
bool 101 0 1 1 1 0 0 1 0 0 1 0 0 1 0 0 1 1 1 0 0 0 1 1 0 1 0 0 0 0 1 1 1 1 0 1 1 1 0 1 0 0 1 0 0 0 1 1 0 0 1 1 0 1 0 1 1 0 1 0 0 1 1 0 1 1 1 1 1 1 1 0 0 0 0 0 1 0 0 0 0 0 0 1 1 0 0 1 1 0 0 1 1 0 1 0 1 1 0 0 1 1
int 101 52 47 88 99 49 76 92 83 41 38 24 44 48 92 10 89 19 67 79 51 76 49 79 44 99 98 86 64 97 82 82 58 69 10 4 20 85 25 6 41 56 60 10 40 92 37 13 10 41 72 66 60 3 82 54 91 52 60 74 17 48 22 86 20 66 20 85 70 77 15 81 53 4 19 99 81 62 24 49 69 50 72 44 49 87 21 84 14 28 28 42 84 40 73 71 20 33 28 19 72 30
char 101 r h r r m o g d t l d g c k f b o t b f b g m d n a p f p m e m m m g q o l e e e k d i a c q s q n t l k m c h r a q m q c m e d p a e d r c f s j h l d t k b h n d o d p m j e b a l k e r h m j g a p
double 105 5.57 9.31 3.83 1.7 5.21 6.79 3.92 0.63 1.79 5.97 9.76 5.19 6.65 9.4 0.12 8.66 5.46 0.88 6.12 9.62 2.01 1.96 0.9 8.99 8.37 4.34 4.84 9.79 8.98 3.29 6.35 8.11 6.63 2.59 5.46 8.31 4.39 8.29 2.3 4.49 9.01 8.67 2.59 8.8 5.43 7.41 6.9 4.48 7.68 6.98 4.23 3.05 7.57 0.59 8.36 3.09 5.4 0.07 8.75 3.08 2.73 6.8 0.97 7.89 5 4.06 6.82 2 8.95 5.14 2.11 7.56 2.28 0.87 1.95 9.79 1.88 9.84 3.15 4.1 4.39 2.96 9.84 9.3 8.13 7.63 0.53 1.84 4.64 7.79 7.94 1.22 9.5 0.1 5.84 2.68 4.42 5.92 1.56 0.16 2.94 7.96 2.95 2.32 9.5
double 106 9.04 8.53 1.92 4.31 8.96 4.48 7.74 1.35 1.31 5.22 3.16 9.02 2.48 3.94 5.86 9.4 1.7 1.5 8.91 0.44 1.04 5.84 2.48 0.38 1.76 0.74 2.3 3.81 9.32 9.41 1.46 9 3.71 8.03 9.42 6.12 5.31 6.22 5.56 0.85 5.17 3.41 5.39 2.01 4.18 0.07 7.69 1.61 5.45 8.65 6.85 3.83 0.29 7.51 7.21 4.68 5.21 4.47 5.03 2.37 3.47 7.95 7.88 7.25 1.78 9.95 8.11 1.76 0.8 9.09 7.53 0.63 9.29 0.44 8.51 6.73 7.83 1.08 8.78 0.83 7.46 5.08 9.3 5.9 9.41 5.62 0.16 2.34 2.68 7.87 9.25 6.41 7.05 6.77 5.16 9.8 9.14 7.74 5.4 7.4 3.88 4.46 5.16 2.24 0.66 1.22
int 108 89 50 37 59 71 41 42 6 80 6 99 11 90 66 39 87 38 90 7 17 84 66 60 43 89 49 93 88 59 8 60 47 4 93 6 29 26 31 75 42 13 3 83 42 66 74 94 28 47 31 59 48 7 17 73 34 76 24 66 23 69 77 71 73 87 19 4 49 53 28 16 21 6 90 97 42 19 27 22 37 80 15 7 84 43 42 98 14 16 6 34 43 24 95 62 34 46 31 45 29 61 21 5 98 63 46 4 52
char 108 l c j b b r l j n e s s e b a p e t t i b k q j d t b t s j j k d g t g d i h d b s h o n r p p m k q s o p t m e d p b n i g a b q d l f g h l r t l j d g b m l h e h q h q q e n i q j c o r e a t g h l a k g d g a
int 109 76 59 16 76 9 98 91 40 42 11 39 45 9 79 34 17 58 7 97 87 48 8 40 14 80 42 64 43 71 24 77 47 39 92 14 17 66 84 97 38 13 63 65 72 85 12 76 40 52 60 72 53 14 5 20 9 7 17 7 57 45 89 9 79 12 16 8 43 5 85 61 39 99 44 76 19 84 21 38 68 99 38 14 27 91 91 73 84 87 85 4 93 23 97 52 58 25 5 69 81 38 7 34 93 64 96 56 90 85
